  1.000000  0.000840
  0.999561  0.000881
  0.998246  0.001004
  0.996057  0.001208
  0.992998  0.001492
  0.989074  0.001855
  0.984292  0.002295
  0.978660  0.002810
  0.972188  0.003398
  0.964888  0.004055
  0.956773  0.004778
  0.947856  0.005566
  0.938153  0.006413
  0.927682  0.007316
  0.916461  0.008272
  0.904508  0.009276
  0.891847  0.010325
  0.878498  0.011414
  0.864484  0.012540
  0.849832  0.013697
  0.834565  0.014882
  0.818712  0.016090
  0.802300  0.017317
  0.785357  0.018559
  0.767913  0.019811
  0.750000  0.021069
  0.731648  0.022327
  0.712890  0.023582
  0.693758  0.024829
  0.674286  0.026063
  0.654508  0.027278
  0.634460  0.028471
  0.614175  0.029635
  0.593691  0.030766
  0.573042  0.031858
  0.552264  0.032905
  0.531395  0.033903
  0.510471  0.034845
  0.489529  0.035726
  0.468605  0.036540
  0.447736  0.037282
  0.426958  0.037946
  0.406309  0.038526
  0.385825  0.039018
  0.365540  0.039416
  0.345492  0.039716
  0.325714  0.039914
  0.306242  0.040005
  0.287110  0.039987
  0.268352  0.039855
  0.250000  0.039608
  0.232087  0.039244
  0.214643  0.038762
  0.197700  0.038161
  0.181288  0.037440
  0.165435  0.036601
  0.150168  0.035646
  0.135516  0.034575
  0.121502  0.033392
  0.108153  0.032099
  0.095492  0.030699
  0.083539  0.029198
  0.072318  0.027598
  0.061847  0.025906
  0.052144  0.024124
  0.043227  0.022259
  0.035112  0.020315
  0.027812  0.018297
  0.021340  0.016210
  0.015708  0.014059
  0.010926  0.011846
  0.007002  0.009578
  0.003943  0.007256
  0.001754  0.004884
  0.000439  0.002465
  0.000000  0.000000
  0.000439 -0.002465
  0.001754 -0.004884
  0.003943 -0.007256
  0.007002 -0.009578
  0.010926 -0.011846
  0.015708 -0.014059
  0.021340 -0.016210
  0.027812 -0.018297
  0.035112 -0.020315
  0.043227 -0.022259
  0.052144 -0.024124
  0.061847 -0.025906
  0.072318 -0.027598
  0.083539 -0.029198
  0.095492 -0.030699
  0.108153 -0.032099
  0.121502 -0.033392
  0.135516 -0.034575
  0.150168 -0.035646
  0.165435 -0.036601
  0.181288 -0.037440
  0.197700 -0.038161
  0.214643 -0.038762
  0.232087 -0.039244
  0.250000 -0.039608
  0.268352 -0.039855
  0.287110 -0.039987
  0.306242 -0.040005
  0.325714 -0.039914
  0.345492 -0.039716
  0.365540 -0.039416
  0.385825 -0.039018
  0.406309 -0.038526
  0.426958 -0.037946
  0.447736 -0.037282
  0.468605 -0.036540
  0.489529 -0.035726
  0.510471 -0.034845
  0.531395 -0.033903
  0.552264 -0.032905
  0.573042 -0.031858
  0.593691 -0.030766
  0.614175 -0.029635
  0.634460 -0.028471
  0.654508 -0.027278
  0.674286 -0.026063
  0.693758 -0.024829
  0.712890 -0.023582
  0.731648 -0.022327
  0.750000 -0.021069
  0.767913 -0.019811
  0.785357 -0.018559
  0.802300 -0.017317
  0.818712 -0.016090
  0.834565 -0.014882
  0.849832 -0.013697
  0.864484 -0.012540
  0.878498 -0.011414
  0.891847 -0.010325
  0.904508 -0.009276
  0.916461 -0.008272
  0.927682 -0.007316
  0.938153 -0.006413
  0.947856 -0.005566
  0.956773 -0.004778
  0.964888 -0.004055
  0.972188 -0.003398
  0.978660 -0.002810
  0.984292 -0.002295
  0.989074 -0.001855
  0.992998 -0.001492
  0.996057 -0.001208
  0.998246 -0.001004
  0.999561 -0.000881
  1.000000 -0.000840
